ZLAYER 0 -1300.000000 0 0
AFFXY 0 1.000000 0.000000 0.000000 1.000000 0.000000 0.000000
ZLAYER 0 0.000000 0 0
AFFXY 0 -1.000000 0.000000 0.000000 -1.000000 0.000000 0.000000

## 2022-11-08 16:59:20
ZLAYER 	 0 	 0.000000 0.000000 0.000000
AFFXY 	 0 	 1 0 0 1 0 0
AFFTXTY 	 0 	 -1 0 0 -1 0 0
SHRINK 	 0 	 1.000000

## 2022-11-08 17:20:12
ZLAYER 	 0 	 17.940611 0.000000 0.000000
AFFXY 	 0 	 0.997045 -0.00365255 0.00385735 0.997571 636.501 -139.394
AFFTXTY 	 0 	 1 0.000213084 -0.000213084 1 0.0162791 0.0396931
SHRINK 	 0 	 1.000000

## 2022-11-08 16:59:20
ZLAYER 	 0 	 0.000000 0.000000 0.000000
AFFXY 	 0 	 -1 0 0 -1 192000.00 192000.00
AFFTXTY 	 0 	 1 0 0 1 0 0
SHRINK 	 0 	 1.000000

## 2022-11-09 11:59:35
ZLAYER 	 0 	 -2.933618 0.000000 0.000000
AFFXY 	 0 	 -0.99918 0.0023532 -0.0023289 -0.999551 194049 191524
AFFTXTY 	 0 	 1 0.000218126 -0.000218126 1 0.0125672 0.0441632
SHRINK 	 0 	 1.000000
